20130101	9.857165
20130102	9.882375
20130103	10.542754
20130104	10.883538
20130105	10.714438
20130106	10.336279
20130107	10.860108
20130108	11.006255
20130109	10.716735
20130110	10.0473585
20130111	10.047663
20130112	10.354046
20130113	10.113633
20130114	10.01399
20130115	10.044114
20130116	10.161803
20130117	11.265752
20130118	12.033786
20130119	12.592377
20130120	13.313279
20130121	12.153467
20130122	11.611273
20130123	11.085836
20130124	10.798507
20130125	9.438168
20130126	9.592162
20130127	9.773921
20130128	9.599649
20130129	9.574615
20130130	10.995117
20130131	11.498966
20130201	11.3670225
20130202	11.33266
20130203	10.9388275
20130204	10.873864
20130205	11.165764
20130206	11.257617
20130207	11.097388
20130208	10.163476
20130209	10.168591
20130210	10.529214
20130211	11.033012
20130212	10.0614195
20130213	10.035123
20130214	10.900772
20130215	11.793098
20130216	11.933531
20130217	11.69444
20130218	12.110508
20130219	12.314697
20130220	10.525926
20130221	9.761281
20130222	9.928846
20130223	9.878155
20130224	10.811155
20130225	11.27439
20130226	10.752707
20130227	10.302464
20130228	9.8084345
20130301	9.888737
20130302	10.75996
20130303	10.964813
20130304	11.853172
20130305	12.334607
20130306	11.027338
20130307	11.078559
20130308	11.638721
20130309	11.6098385
20130310	12.440795
20130311	12.009042
20130312	12.034988
20130313	12.679455
20130314	13.263725
20130315	13.66762
20130316	12.912615
20130317	11.519752
20130318	11.5636015
20130319	12.024919
20130320	11.972714
20130321	11.41847
20130322	11.2917385
20130323	11.305121
20130324	11.5409565
20130325	11.6607685
20130326	11.677965
20130327	12.645215
20130328	13.010632
20130329	13.324488
20130330	13.428564
20130331	12.867155
20130401	12.656062
20130402	12.518597
20130403	12.066098
20130404	11.922472
20130405	11.993091
20130406	12.4416
20130407	12.433101
20130408	12.035966
20130409	12.323457
20130410	12.181453
20130411	11.503163
20130412	11.555779
20130413	11.559962
20130414	11.853327
20130415	11.293315
20130416	10.707733
20130417	11.060945
20130418	12.036584
20130419	12.130704
20130420	12.549405
20130421	13.034879
20130422	13.372846
20130423	13.4704485
20130424	13.449384
20130425	13.947082
20130426	14.532582
20130427	14.027818
20130428	13.283033
20130429	12.964363
20130430	12.665119
20130501	13.649472
20130502	13.791532
20130503	13.583359
20130504	13.24032
20130505	13.198247
20130506	13.543518
20130507	13.649223
20130508	13.719514
20130509	13.395792
20130510	13.179629
20130511	13.016412
20130512	13.314405
20130513	13.922638
20130514	14.433656
20130515	14.527315
20130516	13.228514
20130517	12.504871
20130518	11.912756
20130519	11.573659
20130520	11.785518
20130521	12.001734
20130522	11.754761
20130523	11.8102865
20130524	12.678399
20130525	12.796269
20130526	12.667941
20130527	12.606718
20130528	11.956324
20130529	11.5131235
20130530	11.543977
20130531	12.054727
20130601	12.564499
20130602	12.525989
20130603	12.596327
20130604	13.220802
20130605	12.944519
20130606	12.562686
20130607	12.074035
20130608	12.482972
20130609	13.019672
20130610	12.789454
20130611	12.396421
20130612	12.379039
20130613	12.531718
20130614	12.648348
20130615	13.608678
20130616	13.315973
20130617	13.128733
20130618	12.850321
20130619	12.561773
20130620	12.797961
20130621	12.761774
20130622	12.75056
20130623	12.495848
20130624	11.499235
20130625	11.358589
20130626	12.105702
20130627	12.823281
20130628	12.885203
20130629	12.75169
20130630	12.910537
20130701	12.72402
20130702	12.583031
20130703	12.718999
20130704	12.468611
20130705	11.980204
20130706	12.279633
20130707	12.446099
20130708	12.465815
20130709	12.707264
20130710	12.65562
20130711	12.320846
20130712	12.598754
20130713	12.960665
20130714	12.732578
20130715	12.470826
20130716	12.14434
20130717	12.36661
20130718	12.620841
20130719	12.604804
20130720	12.643743
20130721	12.599645
20130722	12.576952
20130723	12.617379
20130724	12.55791
20130725	12.939209
20130726	12.877953
20130727	12.371163
20130728	11.957723
20130729	12.037962
20130730	12.340361
20130731	12.329527
20130801	12.090862
20130802	12.387028
20130803	12.50155
20130804	12.781412
20130805	13.0027275
20130806	12.77383
20130807	12.466557
20130808	11.966361
20130809	11.830952
20130810	12.391162
20130811	12.913166
20130812	12.678185
20130813	13.0086975
20130814	13.2112465
20130815	13.4025135
20130816	13.491543
20130817	13.061345
20130818	13.063526
20130819	12.888727
20130820	13.115643
20130821	13.326326
20130822	12.964299
20130823	12.677933
20130824	13.060596
20130825	12.907505
20130826	12.431927
20130827	12.735612
20130828	12.781161
20130829	12.551137
20130830	12.863613
20130831	13.246876
20130901	13.0076
20130902	12.259396
20130903	12.599464
20130904	13.538148
20130905	13.589276
20130906	13.662054
20130907	13.37516
20130908	12.808475
20130909	12.58533
20130910	12.435523
20130911	12.285026
20130912	12.312954
20130913	12.258917
20130914	12.169285
20130915	12.5918665
20130916	11.995293
20130917	11.625223
20130918	11.748754
20130919	12.678007
20130920	12.951054
20130921	12.352931
20130922	11.780458
20130923	12.246367
20130924	12.565806
20130925	12.286482
20130926	11.8653145
20130927	12.226529
20130928	12.61866
20130929	12.344706
20130930	12.263272
20131001	12.604661
20131002	12.625137
20131003	11.828042
20131004	11.404585
20131005	12.214696
20131006	12.898128
20131007	13.178306
20131008	13.069581
20131009	12.8289
20131010	12.388051
20131011	12.201027
20131012	12.346056
20131013	11.621143
20131014	11.164431
20131015	11.416672
20131016	11.167071
20131017	11.03574
20131018	12.007207
20131019	12.403593
20131020	12.601291
20131021	12.801548
20131022	12.58182
20131023	12.275317
20131024	12.102885
20131025	12.584985
20131026	13.1495905
20131027	12.796234
20131028	11.417215
20131029	10.466578
20131030	10.225422
20131031	10.4189205
20131101	10.988281
20131102	12.008909
20131103	11.494396
20131104	10.860581
20131105	10.245166
20131106	10.971285
20131107	11.465134
20131108	11.2073965
20131109	11.576544
20131110	11.659198
20131111	12.280957
20131112	12.400399
20131113	11.747498
20131114	11.971554
20131115	11.542754
20131116	10.064243
20131117	10.094338
20131118	11.347386
20131119	10.79831
20131120	10.512417
20131121	10.446018
20131122	9.856909
20131123	9.710477
20131124	10.145355
20131125	9.957811
20131126	10.09875
20131127	10.655676
20131128	11.081348
20131129	11.456872
20131130	11.504758
20131201	10.783407
20131202	10.509953
20131203	10.505615
20131204	10.043571
20131205	10.757016
20131206	9.470543
20131207	9.261022
20131208	9.094249
20131209	9.60232
20131210	10.484901
20131211	11.489899
20131212	11.312739
20131213	10.678838
20131214	10.178142
20131215	10.552119
20131216	11.413422
20131217	12.688381
20131218	12.356152
20131219	11.886914
20131220	10.454397
20131221	8.592786
20131222	8.900486
20131223	10.3013
20131224	11.300369
20131225	11.521537
20131226	10.949373
20131227	11.634301
20131228	12.251755
20131229	11.755809
20131230	10.740693
20131231	10.039611
